rng 1.73358512 0.0209402777 -1.76287079 1.56744862 -0.106654748 1.03280091 -0.763892829 1.70728481 -1.38763940 0.420517087 -1.00014162 -0.175971970 0.580168545 -0.0436968543 2.01602530 0.650259674
pcg 2.26137190e+09
tileseed 16156483.0
noise -1.96486521 0.753424585 0.608049512 -1.01665187 -0.987201929 -0.230444476 0.282576650 -0.0386837609 -0.0205982905 0.214985996 0.119299412 1.39429379 0.557814181 -1.09593892 0.922897398 0.0360374153 -0.250356734 0.750104189 0.454920977 -1.34629631 -0.409469277 1.16669643 -1.37093699 1.80939031 0.702826858 -0.773193061 0.941324890 0.930585921 1.15110493 1.35690379 1.11226404 0.218745083 -0.336464733 -1.55221808 0.128883570 1.01416314 1.23124051 -1.05221176 0.668039262 1.63290000 0.0267675389 -1.60621989 -1.43687987 0.719954133 -0.455834180 -0.426396579 1.09359384 -0.383960366 -1.72606683 -0.872180283 -0.712593317 -0.979509830 -0.0220968332 -1.14320743 -0.196891874 -1.50121105 0.698256671 -0.832219481 0.184105068 -0.111409292 -1.25687075 -1.50423324 -0.513265431 -0.378714591 0.941700041 -1.34800935 1.04688263 -0.805333972 1.86208761 -0.374833852 -0.309639126 -1.26643324 -1.07792771 0.0444309935 1.83917630 0.0883431882 -0.115151905 0.749821842 -0.207485646 1.00660253 0.852739692 1.09739161 -0.196989968 -0.147611588 -0.263117373 0.610289693 -0.993615985 0.499736905 -0.143119857 -0.0183466394 0.00707097817 -1.13987935 0.0339930728 0.108259127 1.85595095 -0.655734897 -0.397765070 1.25434411 -0.235152841 0.644932270 0.421337515 -1.23235989 -0.363369048 -1.85228217 0.690710843 -1.03488123 1.58693695 -1.62144947 1.67021990 0.873627782 0.143199995 0.502352655 -0.670466125 -1.42947400 1.38253355 -0.0519746691 0.973697364 0.0703405663 -1.18013549 -1.09270298 -0.00351508777 -0.680652201 0.714062810 -1.08948398 -0.0110138766 -2.10128689 -0.247847915 -0.0535794348
sigmas 79.9999847 59.6575012 43.9202576 31.8844204 22.7941113 16.0222988 11.0536633 7.46890259 4.93065691 3.17084122 1.97940063 1.19430876 0.692823648 0.383855164 0.201404050 0.0989733040 0.0448825695 0.0184008181 0.00662169838 0.00199999963 0.00000000
edm 0.136401802 0.122443639 0.0959384218 0.0584013090 0.0134907048 -0.0334619842 -0.0765491575 -0.110620871 -0.132356599 -0.140692070 -0.136502042 -0.121760033 -0.0986104608 -0.0687875226 -0.0336171053 0.00547173666 0.0462697297 0.0853808969 0.118409708 0.140777290 0.148896784 0.141240776 0.118855111 0.0850952342 0.0446886197 0.00250760582 -0.0374598950 -0.0725700930 -0.101323754 -0.122730322 -0.135654151 -0.138550654
denoise 19.5175209 19.4946346 19.4414330 19.3587914 19.2509499 15.4600925 15.8739367 16.2788601 16.6587868 17.0005035 11.0458956 11.9037094 12.7746000 13.6252632 14.4247141 6.42377710 7.71535778 9.04177761 10.3529015 11.6003408 1.76563513 3.46447563 5.21886873 6.96287727 8.63174343 -2.75250435 -0.686255097 1.45451379 3.58960509 5.63947487
decode 19.5175209 19.9704075 19.8218632 19.0359192 18.0904980 16.9930897 15.7516327 14.4546099 13.2479019 12.2251625 11.4216003 10.8614321 10.5533705 10.4329300 10.3841391 10.3025398 10.1231508 9.79155827 9.07963181 7.98447895 -1.33761752 -2.00200701 -1.88362575 -1.07461214
lbt -0.147863179 -0.579738200 -0.885889232 -0.999923229 0.00000000 0.00000000 0.00000000 0.00000000
synth -71.6599350 -68.3843079 -63.8025436 -58.5248184 -17.0386009 9.02515697 10.8378181 5.75892305 -67.2347641 -61.3340683 -12.7988081 8.91641617 9.01246071 11.9959030 14.0136223 12.5053015 -61.6447029 3.22658348 16.5758972 20.3860893 20.0023956 19.0919075 15.8170280 11.7857380 -47.1837845 13.8813410 19.6708908 23.3573647 24.6975212 22.5910206 17.1559410 13.0174627 11.2245026 19.1928139 23.9073410 26.7142258 25.6821442 22.1796303 18.5102062 18.2119789 15.4870510 20.9274330 30.0846157 30.1528854 28.0467682 23.9830666 19.8173771 17.8728848 18.8223324 22.8536816 29.6607895 27.9438210 28.6776447 25.7272358 18.9365234 11.9522505 24.2191277 26.0647392 31.0712490 32.6274834 33.0525627 26.4854393 17.3145103 7.22743273 6.86049747 7.27270555 8.87411499 12.2035112 17.1823311 23.2773132 25.2052841 26.3133011 9.54558086 10.3945856 12.9125080 16.6823692 23.1605625 25.1235504 25.5068588 26.1166649 15.0278225 16.1466789 17.1936378 21.7522907 23.7654972 24.6393738 25.6960564 26.6174488 21.9382343 22.8331203 22.9860554 23.0394840 23.1749344 24.2238865 25.8809757 26.7547798 25.3106060 24.0810394 23.1601982 22.6697521 23.4062080 24.8787727 26.0442734 26.0754566 25.2912960 24.2293320 21.6334362 21.9989815 23.1980228 24.9419022 26.1814842 26.3506317 24.8040600 23.9065819 22.0099754 23.0687580 23.3207207 24.7103519 26.6259251 27.5540447 23.2612724 22.8388958 21.4475422 21.2835464 21.7160816 24.5150642 26.9715309 28.0612831 982.253662 947.903687 800.952698 664.648071 543.557434 448.933929 408.239990 373.104614 790.669373 761.669678 667.759644 547.231873 424.903015 395.141693 382.305878 363.813904 727.180481 620.512512 553.637817 462.984344 423.570404 397.915985 372.518188 347.514923 616.272705 502.603546 470.846161 463.360382 441.534760 399.855896 363.104492 323.938995 571.223999 513.499695 497.741547 488.976532 445.028992 392.488220 353.168121 327.408020 586.018555 601.613220 585.913330 530.427063 494.788452 423.828339 361.587280 330.619354 541.188293 626.553833 691.915222 626.805603 554.624573 456.531677 368.506012 315.989075 574.541138 660.041260 750.562866 738.006409 596.758118 461.769501 386.419189 342.239471 1743.75940 1295.43018 1048.41223 914.468567 890.244873 717.149536 679.638794 771.239746 1480.19641 1159.59998 1116.72620 1044.08337 916.041809 654.932373 513.794861 501.489716 1077.69861 1010.23267 1002.40753 904.513306 725.838440 617.907288 496.229034 412.516327 578.000000 604.172302 542.035645 498.626221 431.021606 419.104858 431.155334 453.174438 359.371887 360.563599 346.854462 311.247284 261.316559 276.281097 343.814148 439.034729 227.434814 237.204987 245.384247 213.516830 174.808289 216.582855 296.469299 362.066254 120.568237 137.129730 170.103592 151.674194 137.463745 185.030716 278.381805 377.341400 125.153740 141.679199 216.371124 201.174072 237.890137 263.664429 285.456879 404.290741 17.6731453 21.8781376 31.5863705 41.9335365 45.7361526 43.8510590 43.7366257 44.4502716 21.3780403 23.4286633 30.1842842 39.8619118 44.6372337 43.5222588 45.9505959 51.5737305 31.5215435 36.1444244 40.8048515 52.3447762 54.1109657 54.9529114 60.5760422 65.7569580 52.0924225 60.8268204 63.0672607 71.5495453 72.2939529 76.1336517 77.8293304 71.3964615 79.2530441 82.6416702 84.5303955 92.2489471 91.6877594 93.4579239 91.3216095 80.7662888 97.6084671 98.1926880 106.512009 112.601410 111.091843 110.925354 108.308044 101.273460 110.476349 111.690834 116.258003 121.765457 124.868225 133.454529 131.829025 116.552635 126.407722 135.552887 134.405136 138.167618 133.769897 139.038040 144.653488 133.510666
